TIME_KEY
01012025
02012025
03012025
04012025
05012025
06012025
07012025
08012025
09012025
10012025
11012025
12012025
13012025
14012025
15012025
16012025
17012025
18012025
19012025
20012025
21012025
22012025
23012025
24012025
25012025
26012025
27012025
28012025
29012025
30012025
31012025
01022025
02022025
03022025
04022025
05022025
06022025
07022025
08022025
09022025
10022025
11022025
12022025
13022025
14022025
15022025
16022025
17022025
18022025
19022025
20022025
21022025
22022025
23022025
24022025
25022025
26022025
27022025
28022025
01032025
02032025
03032025
04032025
05032025
06032025
07032025
08032025
09032025
10032025
11032025
12032025
13032025
14032025
15032025
16032025
17032025
18032025
19032025
20032025
21032025
22032025
23032025
24032025
25032025
26032025
27032025
28032025
29032025
30032025
31032025
01042025
02042025
03042025
04042025
05042025
06042025
07042025
08042025
09042025
10042025
11042025
12042025
13042025
14042025
15042025
16042025
17042025
18042025
19042025
20042025
21042025
22042025
23042025
24042025
25042025
26042025
27042025
28042025
29042025
30042025
01052025
02052025
03052025
04052025
05052025
06052025
07052025
08052025
09052025
10052025
11052025
12052025
13052025
14052025
15052025
16052025
17052025
18052025
19052025
20052025
21052025
22052025
23052025
24052025
25052025
26052025
27052025
28052025
29052025
30052025
31052025
01062025
02062025
03062025
04062025
05062025
06062025
07062025
08062025
09062025
10062025
11062025
12062025
13062025
14062025
15062025
16062025
17062025
18062025
19062025
20062025
21062025
22062025
23062025
24062025
25062025
26062025
27062025
28062025
29062025
30062025
01072025
02072025
03072025
04072025
05072025
06072025
07072025
08072025
09072025
10072025
11072025
12072025
13072025
14072025
15072025
16072025
17072025
18072025
19072025
20072025
21072025
22072025
23072025
24072025
25072025
26072025
27072025
28072025
29072025
30072025
31072025
01082025
02082025
03082025
04082025
05082025
06082025
07082025
08082025
09082025
10082025
11082025
12082025
13082025
14082025
15082025
16082025
17082025
18082025
19082025
20082025
21082025
22082025
23082025
24082025
25082025
26082025
27082025
28082025
29082025
30082025
31082025
01092025
02092025
03092025
04092025
05092025
06092025
07092025
08092025
09092025
10092025
11092025
12092025
13092025
14092025
15092025
16092025
17092025
18092025
19092025
20092025
21092025
22092025
23092025
24092025
25092025
26092025
27092025
28092025
29092025
30092025
01102025
02102025
03102025
04102025
05102025
06102025
07102025
08102025
09102025
10102025
11102025
12102025
13102025
14102025
15102025
16102025
17102025
18102025
19102025
20102025
21102025
22102025
23102025
24102025
25102025
26102025
27102025
28102025
29102025
30102025
31102025
01112025
02112025
03112025
04112025
05112025
06112025
07112025
08112025
09112025
10112025
11112025
12112025
13112025
14112025
15112025
16112025
17112025
18112025
19112025
20112025
21112025
22112025
23112025
24112025
25112025
26112025
27112025
28112025
29112025
30112025
01122025
02122025
03122025
04122025
05122025
06122025
07122025
08122025
09122025
10122025
11122025
12122025
13122025
14122025
15122025
16122025
17122025
18122025
19122025
20122025
21122025
22122025
23122025
24122025
25122025
26122025
27122025
28122025
29122025
30122025
31122025
